Starting Dynare (version 4.4.3).
Starting preprocessing of the model file ...
Found 13 equation(s).
Evaluating expressions...done
Computing static model derivatives:
 - order 1
Computing dynamic model derivatives:
 - order 1
Processing outputs ...done
Preprocessing completed.
Starting MATLAB/Octave computing.




Residuals of the static equations:

Equation number 1 : 0
Equation number 2 : 0
Equation number 3 : 0
Equation number 4 : 0
Equation number 5 : 0
Equation number 6 : 0
Equation number 7 : 0
Equation number 8 : 0
Equation number 9 : 0
Equation number 10 : 0
Equation number 11 : 0
Equation number 12 : 0
Equation number 13 : 0



STEADY-STATE RESULTS:

R      		 0
w      		 0
c      		 0
L      		 0
rK     		 0
k      		 0
Y      		 0
Inv    		 0
X      		 0
infl   		 0
A      		 0
T      		 0
profit 		 0

EIGENVALUES:
         Modulus             Real        Imaginary

             0.9              0.9                0
          0.9321           0.9321                0
           1.022            1.022                0
            6.86             6.86                0


There are 2 eigenvalue(s) larger than 1 in modulus 
for 2 forward-looking variable(s)

The rank condition is verified.


MODEL SUMMARY

  Number of variables:         13
  Number of stochastic shocks: 1
  Number of state variables:   2
  Number of jumpers:           2
  Number of static variables:  9


MATRIX OF COVARIANCE OF EXOGENOUS SHOCKS

Variables     shock  
shock        0.000100

POLICY AND TRANSITION FUNCTIONS
                                  R               w               c               L               rK              k               Y               Inv             X               infl            A               T               profit
k(-1)                      -0.247065        0.362221        0.662214       -0.299992       -0.869898        0.932127        0.069644       -1.714907        0.007415       -0.216836               0       -0.066387        0.017742
A(-1)                      -0.457680        0.723268        0.181711        0.541557        1.239733        0.025093        0.386618        1.003705        0.021792       -0.500761        0.900000       -2.909780        0.234071
shock                      -0.508534        0.803631        0.201901        0.601730        1.377481        0.027881        0.429576        1.115228        0.024214       -0.556401        1.000000       -3.233089        0.260079


THEORETICAL MOMENTS

VARIABLE      MEAN    STD. DEV.   VARIANCE 
R              0.0000     0.0126     0.0002
w              0.0000     0.0198     0.0004
c              0.0000     0.0077     0.0001
L              0.0000     0.0128     0.0002
rK             0.0000     0.0288     0.0008
k              0.0000     0.0060     0.0000
Y              0.0000     0.0101     0.0001
Inv            0.0000     0.0211     0.0004
X              0.0000     0.0006     0.0000
infl           0.0000     0.0136     0.0002
A              0.0000     0.0229     0.0005
T              0.0000     0.0744     0.0055
profit         0.0000     0.0060     0.0000



MATRIX OF CORRELATIONS

Variables      R       w       c       L      rK       k       Y      Inv      X     infl      A       T    profit 
R            1.0000 -1.0000 -0.9457 -0.9789 -0.9716 -0.7324 -0.9981 -0.8811 -0.9995  0.9998 -0.9956  0.9960 -0.9968
w           -1.0000  1.0000  0.9437  0.9801  0.9731  0.7281  0.9985  0.8841  0.9996 -0.9999  0.9962 -0.9965  0.9973
c           -0.9457  0.9437  1.0000  0.8593  0.8421  0.9139  0.9242  0.6797  0.9345 -0.9399  0.9112 -0.9129  0.9169
L           -0.9789  0.9801  0.8593  1.0000  0.9995  0.5776  0.9895  0.9592  0.9851 -0.9823  0.9937 -0.9932  0.9920
rK          -0.9716  0.9731  0.8421  0.9995  1.0000  0.5506  0.9842  0.9680  0.9789 -0.9756  0.9895 -0.9889  0.9874
k           -0.7324  0.7281  0.9139  0.5776  0.5506  1.0000  0.6896  0.3234  0.7095 -0.7204  0.6654 -0.6685  0.6758
Y           -0.9981  0.9985  0.9242  0.9895  0.9842  0.6896  1.0000  0.9083  0.9996 -0.9991  0.9995 -0.9996  0.9998
Inv         -0.8811  0.8841  0.6797  0.9592  0.9680  0.3234  0.9083  1.0000  0.8963 -0.8892  0.9216 -0.9199  0.9160
X           -0.9995  0.9996  0.9345  0.9851  0.9789  0.7095  0.9996  0.8963  1.0000 -0.9999  0.9982 -0.9984  0.9989
infl         0.9998 -0.9999 -0.9399 -0.9823 -0.9756 -0.7204 -0.9991 -0.8892 -0.9999  1.0000 -0.9971  0.9974 -0.9981
A           -0.9956  0.9962  0.9112  0.9937  0.9895  0.6654  0.9995  0.9216  0.9982 -0.9971  1.0000 -1.0000  0.9999
T            0.9960 -0.9965 -0.9129 -0.9932 -0.9889 -0.6685 -0.9996 -0.9199 -0.9984  0.9974 -1.0000  1.0000 -1.0000
profit      -0.9968  0.9973  0.9169  0.9920  0.9874  0.6758  0.9998  0.9160  0.9989 -0.9981  0.9999 -1.0000  1.0000



COEFFICIENTS OF AUTOCORRELATION

Order       1       2       3       4       5   
R         0.9150  0.8375  0.7668  0.7023  0.6434
w         0.9140  0.8356  0.7642  0.6991  0.6398
c         0.9647  0.9286  0.8920  0.8552  0.8185
L         0.8828  0.7786  0.6858  0.6033  0.5301
rK        0.8781  0.7699  0.6739  0.5888  0.5134
k         0.9963  0.9865  0.9715  0.9523  0.9298
Y         0.9052  0.8196  0.7422  0.6722  0.6089
Inv       0.8484  0.7154  0.5990  0.4973  0.4086
X         0.9097  0.8278  0.7534  0.6859  0.6246
infl      0.9122  0.8324  0.7597  0.6936  0.6335
A         0.9000  0.8100  0.7290  0.6561  0.5905
T         0.9007  0.8112  0.7307  0.6582  0.5929
profit    0.9022  0.8141  0.7346  0.6629  0.5983
Total computing time : 0h00m03s
