Starting Dynare (version 4.4.3).
Starting preprocessing of the model file ...
Substitution of endo lags >= 2: added 1 auxiliary variables and equations.
Found 14 equation(s).
Evaluating expressions...done
Computing static model derivatives:
 - order 1
Computing dynamic model derivatives:
 - order 1
Processing outputs ...done
Preprocessing completed.
Starting MATLAB/Octave computing.




Residuals of the static equations:

Equation number 1 : 0
Equation number 2 : 0
Equation number 3 : 0
Equation number 4 : 0
Equation number 5 : 0
Equation number 6 : 0
Equation number 7 : 0
Equation number 8 : 0
Equation number 9 : 0
Equation number 10 : 0
Equation number 11 : 0
Equation number 12 : 0
Equation number 13 : 0



STEADY-STATE RESULTS:

R                		 0
w                		 0
c                		 0
L                		 0
rK               		 0
k                		 0
Y                		 0
Inv              		 0
X                		 0
infl             		 0
A                		 0
T                		 0
profit           		 0

EIGENVALUES:
         Modulus             Real        Imaginary

       1.652e-16       -1.652e-16                0
             0.9              0.9                0
          0.9492           0.9492                0
           1.055            1.055                0
           4.392            4.392                0
       4.875e+15       -4.875e+15                0


There are 3 eigenvalue(s) larger than 1 in modulus 
for 3 forward-looking variable(s)

The rank condition is verified.


MODEL SUMMARY

  Number of variables:         14
  Number of stochastic shocks: 1
  Number of state variables:   3
  Number of jumpers:           3
  Number of static variables:  8


MATRIX OF COVARIANCE OF EXOGENOUS SHOCKS

Variables     shock  
shock        0.000100

POLICY AND TRANSITION FUNCTIONS
                        R               w               c               L               rK              k               Y               Inv             X               infl            A               T               profit          
k(-1)                      -0.392271        0.350982        0.553190       -0.202208       -0.851225        0.949242        0.158455       -1.030308        0.009680       -0.362691               0       29.561373        0.090696
A(-1)                      -0.657788        0.652100       -0.091917        0.744017        1.396118        0.059152        0.520812        2.366072        0.024694       -0.706303        0.900000       -4.582618        0.347951
k(-2)                              0               0               0               0               0               0               0               0               0               0               0      -28.146984               0
shock                      -0.730876        0.724556       -0.102130        0.826686        1.551242        0.065724        0.578680        2.628969        0.027438       -0.784781        1.000000       -5.091798        0.386612


THEORETICAL MOMENTS

VARIABLE      MEAN    STD. DEV.   VARIANCE 
R              0.0000     0.0212     0.0004
w              0.0000     0.0205     0.0004
c              0.0000     0.0084     0.0001
L              0.0000     0.0173     0.0003
rK             0.0000     0.0302     0.0009
k              0.0000     0.0171     0.0003
Y              0.0000     0.0149     0.0002
Inv            0.0000     0.0528     0.0028
X              0.0000     0.0007     0.0000
infl           0.0000     0.0220     0.0005
A              0.0000     0.0229     0.0005
T              0.0000     0.0797     0.0064
profit         0.0000     0.0098     0.0001



MATRIX OF CORRELATIONS

Variables      R       w       c       L      rK       k       Y      Inv      X     infl      A       T    profit 
R            1.0000 -0.9998 -0.5722 -0.9060 -0.7747 -0.7949 -0.9933 -0.8513 -0.9969  0.9995 -0.9641  0.9199 -0.9908
w           -0.9998  1.0000  0.5549  0.9147  0.7878  0.7820  0.9955  0.8621  0.9984 -1.0000  0.9694 -0.9263  0.9934
c           -0.5722  0.5549  1.0000  0.1713 -0.0753  0.9524  0.4735  0.0568  0.5064 -0.5472  0.3338 -0.2670  0.4560
L           -0.9060  0.9147  0.1713  1.0000  0.9695  0.4634  0.9489  0.9934  0.9363 -0.9184  0.9859 -0.9673  0.9550
rK          -0.7747  0.7878 -0.0753  0.9695  1.0000  0.2322  0.8427  0.9913  0.8218 -0.7934  0.9148 -0.9126  0.8531
k           -0.7949  0.7820  0.9524  0.4634  0.2322  1.0000  0.7193  0.3583  0.7450 -0.7762  0.6052 -0.5393  0.7055
Y           -0.9933  0.9955  0.4735  0.9489  0.8427  0.7193  1.0000  0.9063  0.9993 -0.9963  0.9883 -0.9503  0.9998
Inv         -0.8513  0.8621  0.0568  0.9934  0.9913  0.3583  0.9063  1.0000  0.8897 -0.8667  0.9601 -0.9490  0.9144
X           -0.9969  0.9984  0.5064  0.9363  0.8218  0.7450  0.9993  0.8897  1.0000 -0.9988  0.9819 -0.9418  0.9983
infl         0.9995 -1.0000 -0.5472 -0.9184 -0.7934 -0.7762 -0.9963 -0.8667 -0.9988  1.0000 -0.9717  0.9290 -0.9944
A           -0.9641  0.9694  0.3338  0.9859  0.9148  0.6052  0.9883  0.9601  0.9819 -0.9717  1.0000 -0.9708  0.9912
T            0.9199 -0.9263 -0.2670 -0.9673 -0.9126 -0.5393 -0.9503 -0.9490 -0.9418  0.9290 -0.9708  1.0000 -0.9542
profit      -0.9908  0.9934  0.4560  0.9550  0.8531  0.7055  0.9998  0.9144  0.9983 -0.9944  0.9912 -0.9542  1.0000



COEFFICIENTS OF AUTOCORRELATION

Order       1       2       3       4       5   
R         0.9386  0.8813  0.8280  0.7782  0.7317
w         0.9356  0.8758  0.8203  0.7687  0.7207
c         0.9869  0.9707  0.9519  0.9311  0.9085
L         0.8788  0.7707  0.6745  0.5889  0.5127
rK        0.8574  0.7312  0.6197  0.5212  0.4345
k         0.9973  0.9899  0.9785  0.9639  0.9464
Y         0.9218  0.8503  0.7849  0.7250  0.6702
Inv       0.8670  0.7490  0.6444  0.5518  0.4698
X         0.9273  0.8604  0.7990  0.7424  0.6903
infl      0.9342  0.8733  0.8168  0.7645  0.7158
A         0.9000  0.8100  0.7290  0.6561  0.5905
T         0.7461  0.6735  0.6081  0.5491  0.4959
profit    0.9189  0.8450  0.7775  0.7159  0.6597
Total computing time : 0h00m03s
